[apivalues]
lat=59.908559
lon=10.73451